        0.969666666666667          1.009308316971749          2.773484144107563          1.010243327980306          1.010243327980306          1.019646993095742       -200.500000000008697         15.592340198460519
        0.970273333333333          1.009097154546414          2.759620165355603          1.009998729213963          1.009998729213963          1.019186843745304       -200.500000000008697         15.363515754542867
        0.970880000000000          1.008889805094330          2.745802807071218          1.009758672532173          1.009758672532173          1.018735230323294       -200.500000000008697         15.135578304624797
        0.971486666666667          1.008686313684484          2.732048014889177          1.009523232544946          1.009523232544946          1.018292268014606       -200.500000000008697         14.908789449076831
        0.972093333333333          1.008488945459665          2.718330788149448          1.009294611056340          1.009294611056340          1.017862457962331       -200.500000000008697         14.682735652193557
        0.972700000000000          1.008296500278668          2.704655952545210          1.009071611707900          1.009071611707900          1.017443374615631       -200.500000000008697         14.457495374505491
        0.973306666666667          1.008111334060541          2.690999303192587          1.008856533521827          1.008856533521827          1.017039705884383       -200.500000000008697         14.232669116295860
        0.973913333333333          1.007932032481097          2.677376530800402          1.008647990934608          1.008647990934608          1.016648619560695       -200.500000000008697         14.008514482086021
        0.974520000000000          1.007759540125129          2.663778073316703          1.008446904063810          1.008446904063810          1.016271988279956       -200.500000000008697         13.784873351067883
        0.975126666666667          1.007594128002147          2.650229046462016          1.008253590968833          1.008253590968833          1.015910397797275       -200.500000000008697         13.562157803604080
        0.975733333333333          1.007435270966751          2.636727941448846          1.008067515873507          1.008067515873507          1.015562771006806       -200.500000000008697         13.340341774048792
        0.976340000000000          1.007284134558287          2.623272347303907          1.007889833318820          1.007889833318820          1.015231438484644       -200.500000000008697         13.119384440810578
        0.976946666666667          1.007139372192356          2.609875681133733          1.007719214732754          1.007719214732754          1.014913697272120       -200.500000000008697         12.899504788295424
        0.977553333333333          1.007003514528885          2.596518278730020          1.007558147308826          1.007558147308826          1.014614595432199       -200.500000000008697         12.680378809239290
        0.978160000000000          1.006876585256605          2.583170572021931          1.007406595048361          1.007406595048361          1.014334112387278       -200.500000000008697         12.461520793544789
        0.978766666666667          1.006761158352661          2.569769203664762          1.007267018492464          1.007267018492464          1.014077310307904       -200.500000000008697         12.241892379234187
        0.979373333333333          1.006656573478259          2.556379213280202          1.007138875469178          1.007138875469178          1.013842969396550       -200.500000000008697         12.022559935928179
        0.979980000000000          1.006567455805190          2.542782916314756          1.007026422433032          1.007026422433032          1.013640023957020       -200.500000000008697         11.799960069790405
        0.980586666666667          1.006492391646485          2.529110422108616          1.006928484692425          1.006928484692425          1.013465858775050       -200.500000000008697         11.576226394206746
        0.981193333333333          1.006432847858587          2.515346090477699          1.006846513208540          1.006846513208540          1.013323403644959       -200.500000000008697         11.351105024578434
        0.981800000000000          1.006386291746383          2.501550939215313          1.006778080305762          1.006778080305762          1.013207658850458       -200.500000000008697         11.125595418486522
        0.982406666666667          1.006354264593575          2.487744329406372          1.006724760241194          1.006724760241194          1.013121755740669       -200.500000000008697         10.900014549121639
        0.983013333333333          1.006335252888521          2.473944372575332          1.006685066150729          1.006685066150729          1.013062670623892       -200.500000000008697         10.674658338604281
        0.983620000000000          1.006329996344745          2.460109122642695          1.006659676087917          1.006659676087917          1.013031828157956       -200.500000000008697         10.448842103952938
        0.984226666666667          1.006340961163966          2.446207074906148          1.006651016880672          1.006651016880672          1.013034151884380       -200.500000000008697         10.222052865225706
        0.984833333333333          1.006365057818798          2.431988012446595          1.006655668944645          1.006655668944645          1.013063090481098       -200.500000000008697          9.990213579064200
        0.985440000000000          1.006409628697706          2.416953341500783          1.006680369941576          1.006680369941576          1.013132817330170       -200.500000000008697          9.745209552084511
        0.986046666666667          1.006478807900021          2.401482783851350          1.006729843144432          1.006729843144432          1.013252252405383       -200.500000000008697          9.493245635104142
        0.986653333333333          1.006575116061110          2.385569799759679          1.006806663511654          1.006806663511654          1.013426534175343       -200.500000000008697          9.234227614722368
        0.987260000000000          1.006699410309383          2.369201775744845          1.006911738113611          1.006911738113611          1.013657452992568       -200.500000000008697          8.967963095718190
        0.987866666666667          1.006850820509830          2.352381649675905          1.007044267970439          1.007044267970439          1.013943347495757       -200.500000000008697          8.694513282376004
        0.988473333333333          1.007025157060204          2.335348924092528          1.007200382685827          1.007200382685827          1.014276123565292       -200.500000000008697          8.417781856057704
        0.989080000000000          1.007221791717729          2.318120213728747          1.007379503283635          1.007379503283635          1.014654588237058       -200.500000000008697          8.138044973980740
        0.989686666666667          1.007439714897914          2.300742154412116          1.007580694523651          1.007580694523651          1.015076807627549       -200.500000000008697          7.856065136847779
        0.990293333333333          1.007682491953027          2.283153166951379          1.007807491469086          1.007807491469086          1.015549964412497       -200.500000000008697          7.570848725952128
        0.990900000000000          1.007909142192780          2.261172474552176          1.008015509931054          1.008015509931054          1.015988047931626       -200.500000000008697          7.214680924796379
        0.991506666666667          1.008159539804743          2.237834107400971          1.008247767197183          1.008247767197183          1.016474604986672       -200.500000000008697          6.836833213811033
        0.992113333333333          1.008441984067931          2.213703416419488          1.008513235309255          1.008513235309255          1.017027087974033       -200.500000000008697          6.446503425915751
        0.992720000000000          1.008771202480197          2.188229098209860          1.008826496467180          1.008826496467180          1.017675117935081       -200.500000000008697          6.034820555738030
        0.993326666666667          1.009142582842792          2.161486349444175          1.009183295513236          1.009183295513236          1.018409837396028       -200.500000000008697          5.603059584887049
        0.993933333333333          1.009544108031978          2.133610406972686          1.009571988866481          1.009571988866481          1.019207452994281       -200.500000000008697          5.153461422789452
        0.994540000000000          1.009976970737319          2.104595475541071          1.009994064297350          1.009994064297350          1.020070745521711       -200.500000000008697          4.685989305955829
        0.995146666666667          1.010436959445933          2.075150529174152          1.010445787500446          1.010445787500446          1.020991769206902       -200.500000000008697          4.212106029236296
        0.995753333333333          1.010925614658466          2.045252534100594          1.010928817196438          1.010928817196438          1.021973835900265       -200.500000000008697          3.731463778362443
        0.996360000000000          1.011362676418480          2.007012262218044          1.011362753351212          1.011362753351212          1.022854541059245       -200.500000000008697          3.117491402027461
        0.996966666666667          1.011782088058776          1.964217816513258          1.011784092112807          1.011784092112807          1.023705021382548       -200.500000000008697          2.431436771664863
        0.997573333333333          1.012232844130974          1.920114538353168          1.012242837412295          1.012242837412295          1.024625446265054       -200.500000000008697          1.725545168950404
        0.998180000000000          1.012730310001131          1.874182225344967          1.012755111409615          1.012755111409615          1.025647797933089       -200.500000000008697          0.991613202728558
        0.998786666666667          1.013264650416122          1.826836420836742          1.013311655415160          1.013311655415160          1.026752880286824       -200.500000000008697          0.236411487594879
        0.999393333333333          1.013834770383592          1.776180282858952          1.013913345571281          1.013913345571281          1.027940603896120       -200.500000000008697         -0.570115948052852
        1.000000000000000          1.014433524729281          1.723386583591502          1.014553615432113          1.014553615432113          1.029197200129634       -200.500000000008697         -1.409055166973339
        1.000606666666667          1.015059857182498          1.669211708142360          1.015231708685574          1.015231708685574          1.030520953225523       -200.500000000008697         -2.268224994170787
        1.001213333333333          1.015709388064435          1.614072526523724          1.015943470505954          1.015943470505954          1.031903320735661       -200.500000000008697         -3.140904879101791
        1.001820000000000          1.016318618467679          1.551278450333804          1.016635288478307          1.016635288478307          1.033225371871764       -200.500000000008697         -4.132551345195745
        1.002426666666667          1.016892904648927          1.482833872170986          1.017313827977126          1.017313827977126          1.034499213471179       -200.500000000008697         -5.210784562915771
        1.003033333333333          1.017489976818229          1.412830995006154          1.018032947000598          1.018032947000598          1.035838319643832       -200.500000000008697         -6.310717820326062
        1.003640000000000          1.018118934901628          1.341092694451351          1.018803203877703          1.018803203877703          1.037262832806333       -200.500000000008697         -7.434938042719219
        1.004246666666667          1.018767915839044          1.268152713445314          1.019612735646864          1.019612735646864          1.038748741657902       -200.500000000008697         -8.574903722089067
        1.004853333333333          1.019446926695696          1.191578786170044          1.020478659483242          1.020478659483242          1.040323833168735       -200.500000000008697         -9.768324005411433
        1.005460000000000          1.020145826978687          1.112647623552121          1.021389974064092          1.021389974064092          1.041966719759353       -200.500000000008697        -10.994911350466996
        1.006066666666667          1.020863395631988          1.031732826819809          1.022346174183679          1.022346174183679          1.043675786888522       -200.500000000008697        -12.248571770614980
        1.006673333333333          1.021596878402112          0.949281030147908          1.023344643125322          1.023344643125322          1.045445692946352       -200.500000000008697        -13.522148808828094
        1.007280000000000          1.022329224075538          0.863746278570421          1.024375186199807          1.024375186199807          1.047248689269884       -200.500000000008697        -14.839201122027568
        1.007886666666667          1.023043177826071          0.774650423279954          1.025425013632951          1.025425013632951          1.049054064569396       -200.500000000008697        -16.206611851257378
        1.008493333333333          1.023772563834573          0.684091901443562          1.026522404019911          1.026522404019911          1.050925473397093       -200.500000000008697        -17.591806197065107
        1.009100000000000          1.024514290576578          0.592353748919372          1.027664404589433          1.027664404589433          1.052856868418744       -200.500000000008697        -18.990264325786388
        1.009706666666667          1.025267280498771          0.499492134492563          1.028850858644903          1.028850858644903          1.054847121881686       -200.500000000008697        -20.400964546987453
        1.010313333333333          1.026033491205430          0.404809413473028          1.030088460601812          1.030088460601812          1.056905259481705       -200.500000000008697        -21.834287212584115
        1.010920000000000          1.026809551115818          0.308605833180753          1.031374056907642          1.031374056907642          1.059024732405836       -200.500000000008697        -23.285435049894510
        1.011526666666667          1.027595300424940          0.210628255235790          1.032710559929443          1.032710559929443          1.061208518082705       -200.500000000008697        -24.757975140223731
        1.012133333333333          1.028386371906234          0.111290109122653          1.034092979388204          1.034092979388204          1.063447127286743       -200.500000000008697        -26.245453250739637
        1.012740000000000          1.029183453985256          0.010630808133172          1.035523297710620          1.035523297710620          1.065743444220018       -200.500000000008697        -27.747074195972800
        1.013346666666667          1.029977763824205         -0.091250502292350          1.036993545606677          1.036993545606677          1.068080293204099       -200.500000000008697        -29.261164176526712
        1.013953333333333          1.030773859511744         -0.194091168818344          1.038507910847711          1.038507910847711          1.070466807397974       -200.500000000008697        -30.783654755110579
        1.014560000000000          1.031571677198338         -0.297695410869103          1.040066097704128          1.040066097704128          1.072902728805777       -200.500000000008697        -32.311521121219265
        1.015166666666667          1.032370193134019         -0.401968366075733          1.041667379432858          1.041667379432858          1.075386353686507       -200.500000000008697        -33.843262724569236
        1.015773333333333          1.033169353942202         -0.506976997564479          1.043313215406056          1.043313215406056          1.077919240720436       -200.500000000008697        -35.379764014173972
        1.016380000000000          1.033967663136824         -0.612656675130374          1.045002602771909          1.045002602771909          1.080498899159970       -200.500000000008697        -36.919979891930325
        1.016986666666667          1.034765980629440         -0.719251174925262          1.046739593266760          1.046739593266760          1.083130521690340       -200.500000000008697        -38.467348249067967
        1.017593333333333          1.035560829764145         -0.826540064435699          1.048519931047591          1.048519931047591          1.085806169819887       -200.500000000008697        -40.018552100016791
        1.018200000000000          1.036352325772687         -0.934590903845045          1.050345466502834          1.050345466502834          1.088527967075010       -200.500000000008697        -41.574464440887752
        1.018806666666667          1.037139186400949         -1.043125959699065          1.052213291667969          1.052213291667969          1.091291637240782       -200.500000000008697        -43.131000630482809
        1.019413333333333          1.037919327252222         -1.152088911105009          1.054121584638923          1.054121584638923          1.094093165970478       -200.500000000008697        -44.687297080411795
        1.020020000000000          1.038693136804649         -1.261469661767256          1.056071461014559          1.056071461014559          1.096934178531081       -200.500000000008697        -46.243159735850000
        1.020626666666667          1.039458755454075         -1.371090958334076          1.058059875217540          1.058059875217540          1.099809601089518       -200.500000000008697        -47.796034072088524
        1.021233333333333          1.040216187132581         -1.480958090443885          1.060087530027048          1.060087530027048          1.102720208511531       -200.500000000008697        -49.345977050520993
        1.021840000000000          1.040964794458161         -1.591052140937466          1.062154206086571          1.062154206086571          1.105665134821778       -200.500000000008697        -50.892705163842813
        1.022446666666667          1.041704440361910         -1.701367432654832          1.064260341384993          1.064260341384993          1.108644723321830       -200.500000000008697        -52.436124306378005
        1.023053333333333          1.042433867122521         -1.811875115657591          1.066404934705247          1.066404934705247          1.111656620003330       -200.500000000008697        -53.975819632721226
        1.023660000000000          1.043152468364864         -1.922574919600839          1.068587992221737          1.068587992221737          1.114700201751159       -200.500000000008697        -55.511778824152280
        1.024266666666667          1.043860303409116         -2.033420796943419          1.070809586696746          1.070809586696746          1.117775620062655       -200.500000000008697        -57.043358544413714
        1.024873333333333          1.044555986937628         -2.144388918804108          1.073068557949362          1.073068557949362          1.120880186600533       -200.500000000008697        -58.570231255087400
        1.025480000000000          1.045239892851156         -2.255445727639049          1.075365379070018          1.075365379070018          1.124014793594988       -200.500000000008697        -60.091941938559224
        1.026086666666667          1.045910685660769         -2.366505439231137          1.077697936178853          1.077697936178853          1.127175787364020       -200.500000000008697        -61.607332176093891
        1.026693333333333          1.046567415003833         -2.477531796337296          1.080065131715315          1.080065131715315          1.130360972935072       -200.500000000008697        -63.115934663932151
        1.027300000000000          1.047210508920020         -2.588508910981924          1.082467557197159          1.082467557197159          1.133571401461847       -200.500000000008697        -64.617565273276909
        1.027906666666667          1.047839202956408         -2.699425156231294          1.084904623963348          1.084904623963348          1.136805596457475       -200.500000000008697        -66.112100620877186
        1.028513333333333          1.048453360726028         -2.810243875821916          1.087375958648139          1.087375958648139          1.140062978217328       -200.500000000008697        -67.599084632480583
        1.029120000000000          1.049052487006020         -2.920965896549532          1.089881403549761          1.089881403549761          1.143342796935489       -200.500000000008697        -69.078569062268429
        1.029726666666667          1.049636342756442         -3.031565862832686          1.092420611350396          1.092420611350396          1.146644375249587       -200.500000000008697        -70.550257584406765
        1.030333333333333          1.050206310236568         -3.142077034741364          1.094995950338704          1.094995950338704          1.149971656729195       -200.500000000008697        -72.014634349659488
